<svg class="magic-logo"  viewBox="0 0 1080 1080" xmlns="https://www.w3.org/2000/svg">

        <defs>
                <linearGradient id="gold-gradient" x1="0%" y1="0%" x2="100%" y2="100%">
                    <stop offset="0%" style="stop-color:#bf953f;stop-opacity:1" />
                    <stop offset="25%" style="stop-color:#fcf6ba;stop-opacity:1" />
                    <stop offset="50%" style="stop-color:#b38728;stop-opacity:1" />
                    <stop offset="75%" style="stop-color:#fbf5b7;stop-opacity:1" />
                    <stop offset="100%" style="stop-color:#aa771c;stop-opacity:1" />
                </linearGradient>                                   
        </defs>
        
        <path
          class="logo-path"
          fill="url(#gold-gradient)"
          d="m 876.04002,947.96147 c -49.10808,-7.57789 -99.03393,-11.26992 -148.32254,-17.66291 -66.62898,-7.06427 -132.81031,-16.54683 -199.18666,-25.55714 -16.0002,-6.76644 -26.50708,10.93433 -42.26374,10.38601 -23.92533,3.02011 -50.82122,1.46841 -72.22706,-10.06726 -10.20421,-14.79337 -27.07603,-16.02641 -43.48474,-15.04785 -75.517,-10.09403 -151.75306,-13.20202 -227.4798,-20.65963 -26.19584,-4.12261 -53.304686,-2.74569 -79.31904,-7.40037 -16.525085,-13.17829 5.027575,-30.55621 10.58502,-44.2225 40.38055,-67.68133 80.29649,-135.79964 121.94856,-202.6243 20.38771,-32.23835 41.24969,-70.89645 61.02998,-105.29546 6.41211,-10.82001 13.11858,-31.63715 29.03929,-23.54301 -23.08092,46.37561 -51.99942,89.03597 -76.60991,133.96277 -35.3156,60.11914 -69.56198,119.40169 -103.92779,178.5 -7.922332,14.69015 -20.147832,27.26547 -23.94701,42.3068 53.87423,5.02909 108.08696,11.35654 161.91574,16.92925 53.28056,5.06906 107.12669,6.88852 160.12888,13.40725 1.31083,11.3363 8.10572,-5.03416 13.96026,9.99655 18.55629,18.75166 48.58062,15.00308 72.76836,12.94883 11.476,-2.52421 18.44007,-18.54642 32.3526,-10.33868 62.79893,8.36953 126.20267,16.2534 189.32536,23.7328 55.40898,6.68549 110.23424,14.51539 165.67154,19.51685 9.33407,-18.83982 14.90991,-39.67829 23.2998,-59.1815 24.82057,-65.80676 49.0894,-130.01697 74.28915,-194.74235 9.61193,-22.95819 16.48618,-46.7909 27.90543,-69.2761 12.9003,-7.00878 21.487,6.36969 12.3164,16.69995 -21.14104,57.53299 -43.20686,116.53107 -64.44918,173.5 -17.32153,47.11634 -34.15193,91.05469 -53.0325,136.64505 -1.27293,10.74793 -10.44399,21.02041 -22.2864,17.08695 z m -487.85,-66.0812 c 3.47541,-8.93488 -8.02582,2.75084 0,0 z M 375.715,880.95532 c 6.12837,-5.16717 -22.72401,-8.6372 -19.36497,-4.18885 -5.85227,0.96419 -36.50533,-5.28087 -23.54273,0.0439 13.00606,1.70207 23.7605,1.11169 36.23272,5.11342 1.5994,-0.85896 5.84143,0.79876 6.67498,-0.96845 z m -73.4966,-7.4202 c -3.0666,-3.67079 -30.13223,-3.68963 -10.08017,-0.43507 3.03674,0.5684 7.16295,1.56432 10.08017,0.43507 z m -100.56453,-6.41975 c -12.5448,-0.021 5.80183,0.56606 0,0 z m -13.73281,-2.21685 c -10.06604,-0.43691 6.09997,1.57008 0,0 z M 78.04002,853.50242 c 0.998354,-3.18221 -10.934811,0.92101 0,0 z M 205.5921,612.11567 c -1.27362,1.65654 -0.29786,0.0429 0,0 z m 2.40587,-2.8371 c 1.24707,-4.70405 4.60249,-19.18734 6.79205,-15.2983 -1.67547,5.78422 -9.13969,11.98069 -7.11129,17 z m 9.79205,-17.2983 c -0.40875,-5.10862 -2.03115,4.34758 0,0 z m 2,-3.5049 c 6.64804,-12.01507 -4.03626,2.40582 0,0 z m 4,-7.2746 c -1.30711,-4.93082 -0.87897,5.37975 0,0 z m 2,-3.25 c -0.9971,-3.45635 -1.12506,3.85587 0,0 z m 28.20787,-48.53867 c -1.81947,2.64822 -0.86113,1.13029 0,0 z m 2.07512,-2.18183 c 4.51585,-6.08096 4.21698,-11.02056 -0.68517,-2.25 -1.95393,1.77114 -0.80925,7.2246 0.68517,2.25 z m 13.70936,-25.625 c -0.69995,-4.20703 -1.20815,5.03019 0,0 z m 587.50765,414.8654 c -48.57685,-8.35832 -97.80115,-14.64071 -146.1725,-24.04745 -39.78955,-4.92415 -78.71643,-14.39987 -118.8275,-18.1775 -33.90906,-3.4347 -69.43692,-2.39039 -102.0405,5.7347 -8.19438,-7.29476 -18.22379,-14.0196 -26.9595,-18.91215 16.8901,-24.67044 32.95111,-49.50502 45.21555,-76.83785 16.78159,-32.93432 31.07875,-65.298 46.8333,-98.33475 6.69169,-6.02836 17.05439,-10.05824 24.70175,-11.4211 -9.76982,6.48477 -7.84312,5.469 0.0933,11.46155 16.67748,-11.28766 40.20246,-9.03616 58.62095,-15.33105 2.91129,6.14488 22.45987,2.45191 30.42255,2.3508 6.85321,5.61361 30.78219,-2.63709 17.1346,-9.57335 -9.65031,-5.33171 -17.35889,1.43209 -24.466,5.73625 15.17372,-10.44862 -6.60479,-7.34039 -15.72885,-7.89375 -10.49482,2.33419 -21.49687,8.54497 -32.01045,7.7373 11.493,-6.70191 -28.14922,1.96064 -20.97345,0.42085 -1.88738,-3.40299 13.2885,-6.72016 17.90685,-10.89715 22.82113,-10.95835 38.61624,-29.58117 63.38645,-34.011 12.93744,-4.91588 -23.26405,1.1077 -2.66054,-10.23976 12.11217,-11.13533 24.35821,-25.2663 42.68619,-20.76034 29.24728,5.75903 56.74967,14.66375 85.3305,21.0807 12.1588,4.36185 26.02987,4.89148 38.0172,8.21885 0.88834,9.69781 17.69608,-0.32843 24.45278,1.01839 14.34293,-7.29962 -1.60585,-4.01076 -5.21258,-11.49349 0.91473,-13.7029 -14.80789,-2.76012 -21.5,2.40045 -14.02929,9.2634 -4.68089,-3.09472 -12,-2.93915 -12.90784,0.0275 -19.89672,-11.72335 -33.675,-10.2168 -16.59329,-6.83478 -36.98165,-9.98194 -53.93795,-6.8942 7.49593,-5.23188 -8.84336,-2.68513 -9.38705,-8.5867 -5.75052,-7.15308 -25.95033,6.23689 -22.13366,-2.55454 12.26982,-11.01933 18.24013,-34.43304 37.84846,-31.52936 -9.04679,7.83738 1.27726,3.63205 12.3926,8.28895 3.31257,4.85234 8.03719,5.53527 13.1426,4.64235 -2.66376,3.69171 19.73107,3.4924 25.75933,7.44616 20.61595,3.35334 43.52997,20.34078 62.55982,3.05479 2.8421,-10.20085 -16.56986,8.01468 -7.31915,-3.8133 -7.31347,-2.85571 -29.36092,6.50984 -27.875,-0.3298 2.13706,-3.56766 -15.40827,-6.37246 -20.125,-9.58255 -5.3811,-8.81814 -31.89521,8.05578 -21.49857,-2.95336 2.0366,-3.6158 -9.24594,0.77703 -14.61143,-7.29993 -8.22087,-6.3321 -23.42564,-1.5486 -29.5825,-5.64655 5.7445,-10.74296 11.91821,-21.06072 19.23575,-29.86726 23.03606,0.30184 -13.54911,9.53853 8.94,6.05036 8.017,3.09052 21.57334,3.09889 24.58055,9.51249 14.56431,2.66752 29.20801,6.87557 44.6849,9.11843 10.39785,5.95116 23.67103,10.68738 34.75,4.8815 -8.94885,12.08296 17.18104,2.41598 23.82781,4.29645 7.73018,-0.18931 25.64315,-2.44421 16.66814,-9.73983 -6.3481,-3.84806 -20.72166,2.53882 -21.5394,-2.83162 -0.68955,-10.52245 -16.51652,0.19357 -21.6021,4.39089 -14.95717,-4.09903 -32.71902,-5.35324 -44.14095,-13.89931 -7.07036,-4.37311 -15.83189,3.94084 -19.09375,-7.84157 -12.20691,0.13934 -15.61867,-6.28798 -29.36995,-6.125 -11.97888,1.81108 -21.85427,2.39572 -12.7804,-10.5 4.40192,-8.20908 6.45683,-25.51802 20.30521,-20.45955 36.3776,7.96722 71.43709,25.13088 109.78637,25.9793 24.60017,2.45867 50.62209,0.60873 74.43942,1.85271 -8.5411,25.12535 -20.09998,46.505 -30.7528,70.87756 -28.67187,64.17292 -57.96952,130.14242 -87.37285,194.75 -9.00815,17.98794 -14.77292,37.9042 -26.78815,54.041 -55.55766,2.93569 -109.7147,-11.60858 -164.0586,-19.0299 -36.05479,-7.64998 -74.71603,-11.71756 -109.7815,2.5083 -26.96137,11.27709 -54.57656,26.03294 -74.74711,47.6639 15.63182,-2.60156 26.92574,-14.47323 41.80156,-18.481 48.7059,-20.89011 105.60098,-22.30885 156.94555,-9.18765 39.90726,9.48588 80.1311,17.90927 120.32439,25.86932 13.84675,-0.14134 29.58015,4.65866 42.27076,0.97213 34.62126,-76.42654 68.4055,-154.54123 103.52945,-230.85301 12.57206,-28.22868 24.25886,-56.74422 37.2459,-85.32634 11.84183,-0.46849 1.55792,16.86485 -0.3315,23.29389 -14.15678,33.94517 -29.18196,69.01739 -44.29005,101.9824 -14.72696,30.74773 -28.48643,62.75715 -42.03955,94.05005 -16.88812,37.45935 -31.10528,74.61965 -49.0812,111.82065 -33.51466,-0.999 -66.00217,-12.47422 -99.3712,-16.06635 -42.75972,-8.27304 -84.59734,-21.54799 -128.49491,-25.19071 -40.24617,-3.48082 -80.1492,12.99214 -114.90623,27.25186 17.63977,-3.28709 40.27154,-10.92725 60.69734,-12.74255 54.40702,-8.93391 108.14229,5.85366 161.00745,13.9766 31.10642,6.79819 61.90269,15.69017 93.6287,20.16595 12.18988,1.77948 25.02727,3.86791 37.3263,3.98205 15.51802,-39.12621 31.64809,-78.55188 47.7603,-117.0866 16.72738,-43.93062 38.0988,-88.09688 53.52715,-132.76305 10.74364,-21.71294 18.52334,-46.85224 28.51665,-68.99615 15.20155,-8.48057 5.96577,13.19577 2.76379,20.0562 -13.78875,36.27437 -28.24819,72.824 -43.30689,107.8047 -16.77471,38.01548 -31.26967,77.41632 -48.0096,115.60315 -10.14575,25.21467 -20.91333,52.4933 -31.49395,76.4316 -1.40306,12.45969 -11.81911,12.96953 -21.67425,9.41695 -40.9353,-5.65658 -79.15368,-18.37685 -120.4514,-23.4349 -48.39328,-11.76649 -99.73698,-22.43831 -150.8934,-16.70605 -18.63303,3.29748 -36.84137,6.54407 -54.75,12.1915 38.67323,-2.20279 78.00695,-2.3276 116.61752,-0.23716 34.98459,7.72988 70.41771,11.86285 105.95478,17.13951 41.16567,9.071 83.01219,15.7593 125.03775,21.13025 13.55074,-1.1197 12.61373,-20.56141 19.13535,-29.75 13.26051,-40.37762 30.8596,-78.61387 44.50745,-119.62015 16.91077,-39.82407 30.47607,-82.69144 48.0162,-121.8413 6.23757,-15.77783 10.97214,-31.9166 18.64385,-47.37015 13.57248,-1.52434 0.81908,11.82455 -0.0756,18.3316 -17.1341,44.33534 -34.91877,88.3981 -51.2544,134.01375 -22.04301,57.05128 -44.26849,113.6698 -66.3028,170.6628 -1.85984,5.37632 -5.53563,5.7592 -11.52945,4.5622 z m -360.81919,-43.7404 c 14.20767,-2.67627 -6.60701,-2.98523 -0.2878,0.75 z m 280.97674,-92.2016 c 8.26279,-2.11092 23.43094,5.07199 26.75625,-3.2987 -1.38076,-8.37834 -12.88084,-8.18839 -22.23131,-5.93074 -12.2532,2.36235 -10.72239,-14.56574 -23.92839,-4.57756 -8.33914,7.4802 -7.49249,17.75312 6.90771,14.6679 4.05368,1.28551 8.43825,0.46176 12.49574,-0.8609 z m -234.96735,-2.46005 c 5.04064,-9.0574 16.14316,-13.1047 24.78175,-17.7671 8.27873,6.85723 19.19767,-10.4522 23.5603,-0.7178 6.03702,-7.13733 14.92439,1.79585 20.46775,-5.56495 8.10218,1.85487 0.49723,-10.94117 -4.7239,-8.74465 -6.56552,1.67109 -11.40596,10.13325 -15.7761,8.49945 10.3113,-5.87124 2.61184,-13.49238 -5.7748,-6.26365 -7.67104,-5.50129 -15.14371,8.05675 -21.2229,4.8068 -9.04645,7.20654 -15.39393,1.57222 -21.63654,12.84579 -4.80464,-0.93604 -4.63643,25.50491 0.32444,12.90611 z m 203.45885,-2.9041 c -4.52719,-9.59677 -5.33527,-13.50314 -15.79065,-7.28685 0.1415,-7.00992 -20.3439,-8.84026 -17.64765,-5.9705 -0.0955,-6.08435 -17.57376,-4.52552 -22.74215,-7.927 -25.77957,7.49106 -1.33386,-3.65647 -8.0112,-1.803 -17.03679,-6.38592 -39.59321,-11.76513 -58.2636,-5.25975 -11.89982,6.2758 3.98884,2.44586 -2.1001,10.4561 10.26053,-1.66079 25.25979,-4.91383 36.216,-1.45805 28.46992,7.64161 58.31223,17.73878 88.33935,19.24905 z m 49.6598,-32.9265 c 6.86892,1.09221 16.5155,0.26367 23.69115,-4.7617 2.32047,-13.21854 -20.76779,4.37196 -12.5,-4.812 -8.68472,-3.32117 -10.01211,-11.59183 -19.63645,-3.68415 -7.61055,5.4763 -16.09456,-3.86928 -25.6369,-3.35705 -12.60789,-3.91997 -24.54176,-10.10954 -37.9229,-11.643 -11.71997,5.63536 -6.58998,9.14822 4.19625,11.2085 16.17628,5.86235 32.72886,12.82314 50.25,14.54185 12.84325,-7.31445 -3.62513,8.4388 17.55885,2.50755 z m -231.4662,-14.4142 c 7.61828,-6.84311 21.21027,-8.30284 30.3576,-9.3775 10.00752,-7.17413 11.86389,-1.84686 18.2823,-6.9659 11.36416,-8.36231 9.11673,-8.88442 1.08135,-9.61615 -4.63732,-6.84999 -16.47285,3.44485 -22.417,5.3978 4.48591,-6.63419 -13.79323,0.20005 -14.4447,6.3473 -9.78228,0.70053 -23.26457,5.42758 -17.2884,17.8731 2.22476,0.55796 2.66108,-3.13523 4.42885,-3.65865 z m 141.08175,-5.8667 c 9.41806,-8.73692 16.30604,-9.43426 -0.96335,-11.9772 -19.58128,-9.95646 -43.1976,-7.10827 -65.0846,-8.1716 -5.77022,-0.1932 -31.35524,12.3764 -15.7938,11.9964 0.53011,7.94454 7.78315,-7.32065 12.967,1.6752 17.70526,-7.81558 37.47898,0.80517 55.1862,-4.0922 16.93489,-0.79275 14.86188,3.56161 8.51415,12.18545 1.73119,-0.52285 3.97535,0.22131 5.1744,-1.61605 z m -5.0494,-6.7689 c 5.47305,-3.05934 -29.71288,-0.84202 -10.125,0.66585 3.36616,-0.27344 6.78984,-0.10311 10.125,-0.66585 z m 103.4673,-14.4245 c 8.49068,-3.74751 34.98908,4.10786 32.00655,-7.6948 -5.97143,-1.06213 -26.79592,1.5387 -24.30555,-6.46525 -7.01874,-11.95938 -18.77182,3.09572 -27.90685,4.3766 -13.18851,5.55348 14.749,4.24388 11.37155,9.91905 2.69799,1.19091 6.07686,0.50446 8.8343,-0.1356 z m -30.8679,-11.67025 c 6.48151,-4.38306 -16.32668,-10.02123 -12.4744,-11.6132 1.95472,11.43668 -28.9928,2.33576 -17.75,10.38155 9.92498,-0.36464 21.71941,7.62437 30.2244,1.23165 z m -39.9744,-7.0535 c 16.00554,-6.205 -6.61114,-11.84929 -11,-16.0981 -5.30706,-6.17559 -15.14325,6.28108 -21.9937,8.7884 5.47968,7.30849 21.26465,4.60932 30.53875,3.6349 -14.04123,5.56057 -8.56817,7.07565 2.45495,3.6748 z m 14.15785,-0.134 c 15.50395,-10.38638 -14.8693,-2.68957 -1.0921,0.5742 l 1.0921,-0.5743 z m -54.3823,-6.9671 c 17.63215,-7.86034 4.48178,-8.90635 -4.77555,-0.3226 -0.94811,1.7887 4.781,1.01379 4.77555,0.3226 z m 140.47445,-12.0356 c 7.05099,-3.47635 34.37588,2.29068 17.56965,-7.42295 -12.02683,7.39628 -4.95028,-3.88575 -13.59365,-4.0091 -3.13148,-9.62745 -17.90091,1.79739 -26.16805,1.3312 -8.64828,-2.25592 -20.16976,-3.85819 -29.20045,-8.29795 -4.81468,-0.29905 -14.13959,-9.96323 -19.00275,-11.39915 -6.55552,7.67441 -21.4411,7.11179 -6.0428,2.3753 2.9434,-8.74203 -17.25003,-6.6779 -24.73774,-9.61309 -10.68261,2.40419 -14.95137,-8.12705 -25.07781,-1.88681 -10.90943,5.94296 -8.59732,-8.23936 -21.47605,0.7255 -8.41787,0.87715 -20.23492,6.94943 -24.0382,8.7853 16.48764,-1.76477 33.02686,1.24108 49.05205,-2.26455 -8.65719,8.94666 16.22825,3.23276 7.7635,9.82725 20.33215,-5.95362 40.0468,6.80056 60.57535,9.35485 14.82616,1.29014 30.36769,9.39447 44.06795,3.56795 -5.85358,4.7586 -14.77004,12.82233 2.48323,9.53958 2.60087,-0.24245 5.32171,0.31173 7.82577,-0.61333 z m 24.08915,-76.7774 c 6.96628,-2.74351 30.37373,1.3036 29.2493,-5.09885 -11.7044,5.04772 -11.66224,-1.7604 -4.46345,-3.2883 -15.76416,3.52382 -8.05456,-7.91898 -20.0005,-1.50845 -5.16754,2.62808 -19.23215,13.45271 -4.78535,9.8956 z m -437.17131,282.3204 c -56.10812,-13.23761 -112.941,-25.36264 -171.41784,-29.4785 -40.59789,-0.89125 -81.67416,-2.88774 -122.101,-3.7971 -10.09702,-0.61611 -25.51932,4.00902 -32.64169,0.0868 5.946597,-14.4255 26.72896,-4.14028 38.95175,-7.2798 32.07256,0.0433 66.95906,-0.73194 100.04026,1.77715 48.74164,2.73806 96.91452,11.09518 143.70645,21.93543 13.89337,0.82933 29.31119,8.72623 41.04355,9.29067 -36.28469,-19.76177 -78.71866,-33.69684 -121.32658,-41.01533 -21.58616,-5.01091 -44.7776,-2.73629 -66.2228,-4.71767 -9.97754,0.49333 -20.60636,0.67878 -32.00415,1.28725 -26.88734,1.76809 -54.40875,2.01358 -81.02502,7.45017 -20.447633,6.05994 -11.26921,-14.68704 3.15406,-10.39707 39.79887,-4.90693 79.98195,-5.03882 119.90946,-7.556 48.87789,2.36377 98.31342,10.35908 142.8627,29.39085 12.37242,3.04915 23.76912,11.64974 36.15233,14.0164 -20.34813,-15.06878 -43.21547,-26.96028 -66.84768,-36.9012 -37.00681,-11.71071 -76.24013,-19.83262 -116.0816,-16.6913 -33.64716,-0.13306 -66.36346,4.7315 -98.63614,11.97889 -9.50246,6.17369 -31.78381,-0.58028 -14.4347,-8.49644 39.22435,-7.54892 80.36869,-10.01604 120.8038,-11.46034 37.63718,-2.56174 74.73124,5.87964 110.6962,14.52109 27.49217,10.69586 53.20281,27.74815 75.6696,43.9973 6.68452,7.13523 11.97089,9.0574 1.96921,-0.26047 -22.61723,-22.33264 -52.99907,-40.07371 -81.81971,-52.21103 -36.91518,-19.52378 -82.06119,-19.49989 -123.60376,-16.59992 -33.24547,-0.4271 -63.9856,11.24979 -95.60759,17.11037 -9.98904,-8.10786 11.09223,-15.3199 18.9556,-14.6895 40.35772,-7.89706 81.21733,-14.20345 123.08142,-12.00705 52.09985,-1.01378 104.96068,17.57685 143.67108,52.17481 11.02661,13.02652 28.01562,24.22426 32.18418,41.02474 -9.66569,1.83838 -18.56895,9.06906 -29.08139,7.51685 z m 40.83216,-29.65315 c 4.87725,-53.16416 26.74929,-101.60446 45.39115,-150.06285 18.07246,-39.73154 35.85686,-78.58008 57.06015,-117.31775 11.05774,-4.78816 -3.7495,24.56137 -2.88975,19.263 -19.32786,49.12624 -37.8594,98.26199 -54.8309,148.80475 -6.42562,28.62958 -10.27626,58.41989 -28.73765,82.0553 -5.23453,6.43225 -8.73328,16.52536 -16,20.4451 v -2.57895 -0.6082 z m -14.50125,0.11175 C 424.45678,799.42417 382.98287,772.6014 342.04002,757.96502 301.3899,746.402 256.66548,747.10433 214.22906,751.19207 c -23.62692,1.6763 -47.73556,7.67121 -71.06581,5.90035 11.85435,-25.65719 29.36346,-51.80462 43.69799,-77.44845 22.42371,-36.8545 45.05827,-77.3782 68.20736,-116.18815 17.06971,-25.81347 30.43376,-53.90491 46.94424,-79.05413 12.91488,7.00885 22.10527,22.58622 32.43348,34.1223 -12.42944,0.22961 -23.08971,5.11426 -33.38831,12.56057 -8.87906,-4.14957 -30.65948,0.89254 -9.85663,4.39541 8.79167,5.64098 19.56408,7.85302 29.59527,1.93713 12.14053,1.2688 -22.37738,11.25518 -12.64305,9.06369 -21.12758,13.45302 -18.15072,42.83568 -19.69332,65.22895 0.27227,18.33858 9.66163,-7.48354 8.90149,-14.41962 2.7417,-12.99388 9.73962,-26.66039 21.15833,-33.9361 3.42953,6.59913 3.37631,17.64454 8.45298,24.87625 8.25135,13.70306 -1.64834,27.75537 0.53514,41.22335 2.42014,14.42688 25.51634,5.30132 23.15309,21.27585 -6.59488,16.08732 10.76298,14.09997 18.04871,5.95 10.34726,-0.78463 22.34869,6.97355 32.71018,-0.2 10.1506,-0.4608 17.78985,-5.54874 22.62016,-13.474 10.91931,-2.24887 18.30867,-11.01039 17.03573,-21.9872 9.44204,-3.03412 23.56506,-6.97885 23.96495,-18.70615 -25.09794,-12.9325 -32.60392,-40.58753 -44.50654,-61.58185 -7.98044,-10.68433 16.42853,0.1966 18.71803,-9.24811 2.93179,-3.85881 23.31854,-21.62872 13.90601,-8.83719 -11.27103,11.485 -2.14616,8.66218 3.84415,-0.91506 9.35674,-5.28562 12.78427,-20.89746 -2.31173,-11.20279 -11.22403,5.70308 -23.42078,12.08764 -35.6185,12.16416 -10.35167,-8.84675 -24.99199,-16.3002 -38.78244,-12.17963 2.44893,-12.5898 8.6928,-24.62376 19,-31.77301 -13.95648,-3.33721 -30.90706,7.31632 -38.77639,19.74178 -2.91034,15.05818 -9.25717,5.80131 -15.62382,-2.55033 -4.72002,-6.30509 -21.82329,-12.14864 -7.78399,-2.94492 8.29201,4.56236 16.42025,21.49466 3.18498,7.69669 -11.2952,-8.65282 -9.65873,-14.80728 -20.55041,-18.8523 -15.21172,-4.37398 -10.39318,-21.79112 3.30041,-23.38376 52.09683,-14.24698 107.75585,-16.95195 162.02743,-10.45496 16.79706,2.71401 35.04732,4.01019 49.36337,14.30769 -6.5517,15.50277 -22.88814,27.29218 -27.1403,44.36615 -14.36938,32.82424 -26.28768,66.4973 -25.80273,103.29948 -15.73963,25.92883 -8.42804,59.34288 6.12547,84.01624 2.13223,13.77505 -8.43841,26.80888 -11.55971,40.25735 -12.29821,30.23099 -21.26879,62.24152 -23.7965,96.01248 -0.86247,2.50442 -1.60441,13.88427 -5.96906,8.65464 z m -2.4425,-16.56835 c -1.9035,-0.44555 0.53083,6.51523 0,0 z m -1.84841,-6.1767 c -0.15992,-6.82342 -4.9383,2.90473 0,0 z m 4.38473,-15.1861 c 2.98651,-28.61894 -5.5941,9.86646 0,0 z m -14.09257,-3.1899 c -5.87593,-7.29132 -13.76743,-19.3569 -21.4289,-23.0141 6.31893,8.30914 13.94408,18.75895 21.4289,24.15155 z m 22,-18.58305 c 0.54323,-19.20008 -2.72218,16.86914 0,0 z m -46,1.86285 c -1.41766,-3.46439 -2.01106,2.19468 0,0 z m -2.22308,-2.5398 c -1.51062,-1.12231 -7.47812,-0.90387 -8.42295,-5.04355 1.8104,0.86448 8.6922,8.61104 8.42295,5.04355 z m 50.22308,-7.60255 c -1.03628,-12.19156 -1.77149,13.24593 0,0 z m -60,0.0927 c -4.63858,-3.95369 -16.18519,-10.90872 -20.48853,-9.61065 6.59499,1.7989 14.0366,8.99619 20.48853,9.61065 z m 62.15138,-9.06935 c 4.15792,-14.78742 -0.27629,-9.19254 -1.65514,2.32749 0.57876,4.0922 2.12887,-0.29175 1.65514,-2.32749 z m -98.65138,-8.66085 c -9.43737,-3.1356 -23.18106,-10.9931 -33.15425,-8.0536 11.21668,1.02141 22.75114,9.67205 33.15425,8.0536 z m 74.30696,-9.6024 c 11.00639,-14.50444 13.21184,-39.14288 -3.70048,-51.79988 -11.93657,-4.8907 -8.72773,-21.46799 -16.87197,-25.90122 -17.40216,13.3911 -30.5286,42.2503 -14.16676,62 7.59472,8.71437 23.57697,21.99786 34.73921,15.7011 z m -9.52193,-2.6444 c -5.62393,-0.44783 -20.95086,-12.3944 -7.661,-7.09945 15.61217,8.24548 7.79193,-2.41405 -1.81062,-7.21227 -11.74319,-3.16499 -10.76241,-17.45084 -13.69574,-27.17223 -3.46011,-5.7803 11.47865,-3.2812 5.63234,-16.647 5.13544,-13.01194 7.25186,-1.37877 11.09564,4.2241 10.06913,9.17067 22.38424,20.21576 18.65302,36.52541 -1.49816,6.00292 -3.9456,19.76588 -12.21364,17.38144 z m -10.32783,-30.8067 c -1.53025,-9.71466 -1.3581,8.58027 0,0 z m 17.23061,0.36735 c -3.1653,-10.30485 -13.96915,-13.93409 -2.6879,-1.83985 -0.63522,1.28678 4.48582,3.46451 2.6879,1.83985 z m -18.36406,-10.2135 c -0.58678,-19.76069 -4.81869,-6.81639 0.42625,3.6976 -0.1134,-1.23904 1.02696,-2.763 -0.42625,-3.6976 z m -4.05239,30.6307 c 0.1596,-2.99745 2.56143,2.00228 0,0 z m -1.77136,-2.03455 c 1.14484,-2.16789 1.24738,2.06934 0,0 z m -4,-6.5 c 0.83833,-3.98027 0.91008,3.78681 0,0 z m -1.83997,-7 c 0.14846,-10.37803 0.37421,10.80376 0,0 z m 1.52482,-23.625 c 1.85053,-6.49972 1.14199,5.06676 0,0 z m 2.34899,-4.35 c 0.90578,-6.02937 0.6996,5.65105 0,0 z m -242.6476,55.6 c 4.23364,-12.52604 -6.18515,7.54132 -4.3e-4,0 z m 24.7543,1.625 c -4.31684,-3.02273 -8.83752,3.04758 0,0 z m 129.40482,-0.29505 c -10.04305,-4.42382 -23.66676,-5.14507 -34.63753,-5.58905 8.14718,5.81515 21.47452,2.30393 31.39831,5.5554 0.12982,0.90169 7.17425,0.80231 3.23922,0.0336 z m -122.29536,-1.45495 c -5.49642,-2.51644 -8.54146,1.74246 0,0 z m 271.95803,-5.6002 c 5.83359,-15.39793 -3.3887,-5.69568 -0.33584,2.1002 z m -210.70803,1.1415 c 20.95213,-3.76226 -27.92219,-2.38383 -1.75,0.45355 l 1.75,-0.4531 z m -15.94867,-1.32305 c -10.70119,-4.26477 -21.34986,2.60167 -1.52394,0.37885 l 0.96852,-0.0355 z m 102.61361,0.0731 c -3.94204,-4.57798 -24.35271,-3.68841 -7.0784,-0.0971 1.88876,-0.21196 5.96929,1.98335 7.0784,0.0971 z m -175.98294,-1.69325 c 3.25847,-6.34037 8.19462,-12.75465 9.318,-20.22055 -3.25316,7.19071 -10.06763,15.80712 -10.636,22.12245 z m 153.71667,-0.5249 c -6.56385,-4.34511 -21.73383,-1.71804 -31.30973,-4.67365 1.82493,6.30423 21.49479,3.82188 30.06875,5.08014 l 0.59231,0.005 0.64867,-0.4115 z m 142.10133,-1.3232 c -1.2282,-7.3426 -0.79468,7.09017 0,0 z m -240.85961,-0.6904 c -4.61874,-4.66828 -13.48778,3.23227 -0.46697,0.467 z m 64.23423,-1.76755 c -8.50122,-2.58996 -26.79107,-2.25644 -24.59603,0.1866 8.12202,-0.22622 16.70173,1.02116 24.59603,-0.1866 z m 178.62538,-4.82155 c -1.24098,-8.18913 -1.00563,8.26288 0,0 z m 2.18527,-10.52185 c -0.64256,-8.35802 -2.05745,6.26436 0,0 z m -288.46048,-1.8999 c 0.0786,-7.32409 -3.84762,5.43577 0,0 z m 12.17521,-0.64875 c 1.98822,-4.70901 -4.30335,2.15176 0,0 z m 278.23283,-3.87925 c 3.05496,-26.28895 -4.2845,18.92466 0,0 z m -276.63283,-0.77075 c 5.99414,-9.36303 16.07002,-21.97618 20,-32.75 -7.75577,10.26024 -17.31949,22.30145 -20.73763,34 h 0.26238 z m 278.5,-7.0157 c 7.54202,-7.09861 4.56411,-19.07411 0.46819,-3.9843 -2.7158,0.80276 -1.06978,9.69481 -0.46819,3.9843 z m -280.27912,-0.0425 c 3.46565,-4.98155 10.11082,-13.32533 8.77912,-17.692 -1.65069,5.27328 -9.6336,12.25156 -9.58179,18.0002 l 0.80267,-0.308 z m 138.18226,-1.52145 c -9.05912,-17.72587 1.01798,-38.57457 -3.37879,-56.8046 -3.19411,-9.94087 -15.45301,-14.36534 -19.20218,-21.28485 -16.91276,10.79684 -30.89471,31.41908 -20.67669,51.16495 11.25586,13.60122 27.75281,20.99311 43.10452,27.99375 z m -10.9215,-8.9789 c -5.42213,-8.57544 -12.84364,-4.23275 -18.91333,-13.8544 -13.30766,-4.60282 -12.80018,-21.35372 -8.0708,-32.27125 6.89639,-18.40386 9.84347,-1.42622 4.753,8.0859 0.0969,21.61493 -0.37721,11.4744 3.01076,-2.2839 4.29828,-6.47283 10.76681,19.61478 8.73914,15.8115 5.22807,15.82123 3.82526,4.72653 2.10001,-4.0795 5.90971,4.3337 1.78779,-1.65842 -2.04011,-6.1223 -5.42608,-4.87465 -1.9285,-24.43236 -0.11534,-10.9775 1.9634,-4.90232 5.6377,3.12778 11.5551,3.441 -3.07505,-6.1221 -23.79209,-25.44063 -5.53907,-14.34547 8.51452,5.06213 5.55463,15.33763 9.03889,19.37972 -3.88068,4.51751 -1.38123,18.84909 -2.77864,27.98183 0.39942,2.42801 4.91617,14.89592 -1.73961,9.23437 z m -19.48164,-16.19145 c -1.37546,-2.3374 -0.7474,1.98766 0,0 z m -8,-14.7795 c -0.91161,-2.53911 -1.24776,2.97525 0,0 z m 173.1069,37.6142 c 0.34855,-4.30211 7.32379,-24.64725 1.13945,-12.8347 -3.53581,1.71538 -4.12926,23.28649 -1.13945,12.8347 z M 201.91326,681.72572 c -0.753,-5.6815 -2.23563,5.63339 0,0 z m 235.68956,-5.5211 c 0.9427,-7.23659 -6.2481,4.64959 0,0 z m -231.8128,-1.41335 c 8.386,-15.04328 -4.02515,-1.74026 0,0 z m 161.99901,-0.061 c -5.51491,-2.44111 -7.46264,2.45896 0,0 z m -158.24901,-7.75 c 0.24543,-2.37222 -1.73512,1.83646 0,0 z m 243.625,-3.65935 c 5.19494,-14.57391 -6.23198,6.3901 0,0 z m -117.24701,-5.39575 c -2.8831,-12.33106 -4.48357,6.23301 0,0 z m -123.87799,-0.9449 c 0.24543,-2.37222 -1.73512,1.83646 0,0 z m 246.61271,-0.375 c 6.84868,-15.64693 -4.59917,1.51133 0,0 z m -245.11271,-1.625 c 0.24543,-2.37222 -1.73512,1.83646 0,0 z m 238.97224,-1.2779 c 4.69552,-7.95152 4.62792,-12.57283 -1.11763,-2.68645 -1.46699,1.44617 0.17566,7.71286 1.11763,2.68645 z m -236.72224,-3.2221 c -1.43038,-0.33747 0.005,-0.16791 0,0 z m 2,-2.5 c -0.65274,-6.68727 -1.61634,4.36403 0,0 z m 2,-3.7324 c 5.80645,-8.06979 15.04993,-22.23625 15.07946,-31.2676 -3.79394,9.74276 -13.89064,21.65664 -15.57946,32 h 0.5 z m 18.40902,-18.0176 c 7.22015,-12.12825 12.91599,-26.7013 18.09098,-40.25 -7.82594,10.14143 -12.11672,27.1584 -20,39.7024 -0.88116,1.4495 2.10414,2.99457 1.90902,0.5476 z m 39.62848,-5.8875 c -2.11461,-0.0357 0.003,-0.08 0,0 z m 2.42015,-2.45595 c -0.0651,-8.03704 -3.79351,6.38544 0,0 z m 1.29235,-2.90655 c 0.24543,-2.37222 -1.73512,1.83646 0,0 z m 35.18599,-2.2839 c 8.7594,-9.72879 -3.62069,-5.02417 -1.11632,1.2839 z m -12.93599,-5.7161 c -1.18698,-4.04923 -1.063,3.89223 0,0 z m 6.27467,-10.875 c 7.94277,-18.67375 -8.35621,4.39597 0,0 z m 158.40737,-9.9448 c 1.61283,-26.54221 -4.74927,6.00192 0,0 z M 261.1507,576.83042 c 3.7556,-14.45432 -6.46835,10.24091 0,0 z m 219.37066,-15.72515 c 1.12588,-7.23239 8.70627,-18.24486 6.42364,-23.125 -2.44684,4.42106 -10.15453,25.97733 -6.42364,23.125 z m -208.239,-2.25 c -2.12034,-6.97435 -1.51192,9.25482 0,0 z m 169.36074,-3.11145 c -11.27044,-16.90675 0.85652,9.13602 0,0 z m 30.84342,0.94556 c 4.11141,-14.7822 11.7579,-30.65056 15.8035,-44.70911 -6.48944,12.48224 -15.26187,30.088 -16.55276,45.5 h 0.44651 l 0.30349,-0.7909 z m -188.27586,-8.95911 c 12.61017,-17.96475 -10.15268,6.34956 0,0 z m 206.07936,-26.02951 c -1.10416,-4.44752 -0.9771,4.72581 0,0 z m -64.44853,-3.40577 c 13.19753,-2.83734 17.63399,-6.52356 1.83141,-2.58267 -5.07095,0.19134 -11.75924,5.24955 -1.8314,2.58283 z m 67.36374,-2.35667 c 3.42307,-14.70365 -6.7791,11.28338 0,0 z m -199.41521,-3.45805 c -1.14484,-2.16789 -1.24738,2.06934 0,0 z m 3.99234,-5.375 c -0.69994,-4.20703 -1.20813,5.03018 0,0 z m 199.76576,-4.89026 c 9.91603,-15.64856 -13.27159,5.73167 0,0 z m -195.34463,-2.95279 c -0.84956,-5.07899 -2.11708,5.88188 0,0 z m 100.19128,-1.32509 c 14.79751,-3.58957 -4.26797,-5.33795 -8.10475,0.9598 2.39641,0.40023 6.11475,0.82913 8.10475,-0.9598 z m -98.40662,-1.25198 c 0.0107,-6.48645 -2.9819,4.25911 0,0 z m 110.9517,-2.5333 c 19.43437,-2.68797 -11.4817,-4.055 -1.60017,0.8291 l 1.60017,-0.82842 z m 75.41927,-5.79658 c 5.9804,-9.4906 -9.33947,7.29218 0,0 z m 16.3741,-11.25 c 11.48824,-11.4875 -6.59066,-0.14 0,0 z M 366.48256,466.21629 c 13.32588,-0.17552 16.97138,-8.23135 1.914,-2.79815 -4.16082,-0.71171 -8.28113,6.20588 -1.914,2.79815 z m 130.07727,-2.79845 c -8.41074,-6.41168 -17.35665,2.55233 0,0 z m -30.02123,-1.9331 c -2.85009,-6.92951 -16.36486,1.1405 -2.90728,0.98886 -0.17015,-2.0118 3.5852,1.64694 2.90728,-0.98886 z m 13.71172,-0.82678 c -4.16655,-12.53693 -9.4918,3.77057 0,0 z m 36.0397,-0.64041 c -12.39352,-6.8172 -15.82219,1.19088 0,0.34611 z m -67.50707,-1.34694 c -4.11623,-1.14875 -24.7719,-4.53692 -31.49293,0.22632 10.33113,0.58666 21.11118,0.24041 31.49293,-0.22632 z m -54.74293,-0.15755 c 0.34611,-2.80411 -12.88696,1.41516 0,0 z m 66.13083,-4.37633 c -8.9447,-0.14823 2.88837,0.76151 0,0 z m 78.88337,226.86654 c 9.79675,-29.84209 22.03046,-59.06676 33.15195,-89.273 25.57473,-55.54519 53.68352,-108.44285 84.53485,-159.29521 41.85364,-65.22553 90.42216,-132.00893 145.92425,-190.20479 30.1773,-32.84596 62.53147,-64.17466 97.55071,-91.28274 15.83479,-13.54808 -0.88279,-3.59187 -7.68026,3.81839 -45.57971,32.08551 -88.92716,72.23499 -128.36103,114.55108 -38.95328,41.12041 -75.61956,85.0478 -107.83367,131.28827 -24.13999,37.39237 -47.48029,74.57383 -71.08325,114 -25.79264,41.78476 -49.999,91.28379 -71.96775,135.01145 -5.03129,6.72545 -6.52554,20.43084 -14.161,22.8692 -2.70057,-40.65656 -10.86329,-83.07018 3.40095,-122.50565 6.853,-20.701 14.90536,-41.33443 24.73911,-60.5 7.80223,3.49837 3.12474,20.57034 7.74901,29.25172 6.31129,24.39451 3.54491,0.53559 4.89475,-11.99758 -1.01142,-39.04022 16.32815,-70.95736 36.62989,-102.50414 9.41894,-15.75638 21.06612,-33.95195 34.25475,-44.99861 0.0498,15.25456 -1.64748,33.83934 1.7408,48.24861 4.35078,-15.61272 7.98578,-33.46888 12.25825,-50.13027 5.52009,-44.41533 42.56407,-76.44513 73.57339,-106.86973 5.91981,1.19172 -2.24656,27.83051 4.02086,13.03208 -1.10434,-27.15494 28.23649,-39.04349 43.10266,-57.36273 11.81877,-10.72802 21.87375,-24.19734 35.24863,-32.71938 2.00236,20.65655 -3.3683,40.39318 -11.11683,58.29296 -3.71093,10.502 -5.51879,23.62645 -16.20605,29.75642 -10.94363,11.13754 7.35375,0.45792 12.95173,-8.82118 7.60011,-9.9859 22.95393,-18.89955 27.85177,-27.78359 -10.34211,5.58663 -17.15128,17.65221 -26.92595,23.10477 1.32687,-14.47487 9.05301,-26.92814 13.74975,-40.04451 13.05736,-9.49702 0.85892,-0.6843 2.4024,-12.20549 5.25144,-15.9611 7.36785,-33.22454 23.27085,-43.25 13.56307,-11.15399 27.2891,-22.18807 44.0389,-28.50553 -0.51293,14.64093 -6.85655,28.78189 -12.96675,40.99182 -4.64866,11.60644 -8.33853,25.3696 -13.91065,35.44498 8.0756,-8.05639 25.60372,-15.50352 29.40225,-28.87208 -5.42771,3.98326 -14.57998,16.12194 -21.471,18.7259 2.58984,-14.84376 10.9862,-31.49023 16.49705,-44.28491 6.86479,-24.00527 30.69841,-38.16144 54.11055,-44.0336 21.13071,-6.829016 46.01636,-15.573586 68.87103,-8.800396 12.96265,11.881696 10.23788,33.492576 4.74855,48.393896 -2.921,4.52413 -20.66353,11.63841 -14.19455,12.94042 17.79075,-10.32739 10.29505,10.0474 5.94455,19.21144 -6.87298,21.60708 -17.73368,41.81809 -34.90005,57.82427 -10.53131,5.27913 -27.97257,5.71593 -35.13105,8.91973 7.54039,4.71095 31.61548,-9.37389 28.1444,1.39353 -16.33651,18.61669 -39.13755,28.98939 -62.1133,33.76461 6.83306,4.7629 23.18258,-6.24611 28,1.39618 -20.86222,24.57492 -37.99325,49.77509 -53.5148,76.55862 -5.36296,19.2074 -26.78036,20.3311 -41.1444,27.71614 -16.96378,7.33868 -35.6915,13.53692 -53.56235,15.4653 20.2002,2.23288 43.36914,-0.21573 62.2329,-7.01294 11.34428,-6.55693 6.03175,5.40032 2.12655,10.51413 -16.5043,29.10274 -31.55521,60.1647 -57.90787,82.65001 -16.74821,13.17948 -36.057,21.90705 -56.61573,25.20223 1.03379,6.77037 15.86428,-1.29386 22.2223,-1.96295 11.31405,-0.97281 23.41619,-9.79894 33.72295,-7.71546 -12.37069,25.60491 -31.51362,48.83386 -50.7975,72.3262 -36.82699,40.46588 -80.9083,73.13394 -129.25655,95.25001 -10.2982,4.14185 -20.6632,11.09729 -30.24095,15.0221 z m 21.95635,-24.7889 c 18.80957,-7.88289 38.85447,-21.80527 55.52945,-31.72725 0.1487,-6.62285 -5.25809,-3.42441 -14.92125,-0.50685 -13.04079,6.25423 -30.42102,9.97183 -42.34375,17.24625 19.09076,-1.11136 35.66046,-15.32557 54.01515,-17.23095 -15.34379,11.10203 -36.43918,20.69968 -54.5,30.94545 -0.0185,1.37173 0.90885,3.13088 2.2204,1.27335 z m -52.72055,-15.0136 c 4.49259,-5.25676 5.23793,-15.86384 1,-4.85535 -2.33629,0.22767 -2.79226,9.34912 -1,4.85535 z m 7.7675,-20.51445 c 4.3177,-10.91312 -0.22039,-8.01554 -2.7675,1.50775 -0.60199,12.521 1.04361,4.80034 2.7675,-1.50775 z m 55.45975,1.5212 c 1.0256,-8.35734 9.29549,-11.04296 6.702,-16.22725 5.21338,-7.88457 5.17153,-20.03035 0.0775,-5.63645 -1.95775,7.13335 -10.18768,17.24658 -8.04545,23.13645 l 1.2727,-1.27275 z m 51.3121,-0.016 c 13.57479,-4.97087 1.4789,-4.50557 -4.71075,0.374 1.24509,1.43721 3.54656,0.83126 4.71075,-0.374 z m -37.4029,-3.71105 c 12.92721,-5.17738 30.21933,-7.78063 40.08795,-16.54825 -13.49718,4.70487 -31.48094,11.18753 -44.2244,16.8354 -0.61066,1.57211 4.02141,0.77228 4.13645,-0.28715 z m -64.8255,-8.875 c 4.5631,-9.70221 13.02411,-15.92465 13.30365,-27.375 -3.59945,8.29117 -7.71095,13.50878 -11.38775,22 -8.20105,-3.52945 -3.90066,-20.25615 -7.72685,-28.79685 -1.49007,-20.34254 -2.1458,8.25859 0.29395,15.04685 0.6062,2.60015 2.10335,23.84971 5.517,19.125 z m 102.68905,0.625 c 7.81381,-5.233 19.17873,-9.59503 27,-14.10085 -11.05576,-0.77144 -21.89321,9.65772 -31.66665,14.8546 1.34364,-0.69989 3.91886,1.20785 4.66665,-0.75375 z m -39.86355,-1.75 c 19.56696,-8.17887 40.64528,-13.01994 61.1351,-18.1988 15.47406,-4.27737 -21.16912,3.22917 -16.02155,1.1667 -16.97049,3.73956 -36.38532,9.42303 -48.75,18.02825 1.25693,-0.2043 2.87723,0.62443 3.63645,-0.99615 z m -73.2918,-1.875 c -0.87766,-2.13804 0.36738,5.66561 0,0 z m -0.8458,-9.8705 c 2.78214,-16.32859 -4.9372,14.41772 0,0 z m 149.76,-1.0474 c 23.5823,-24.84263 -16.68205,11.38857 0,0 z m -74.08395,-6.2065 c 8.91777,-13.24893 -4.34505,-3.01429 -0.30405,1.5202 z m 77.7105,1.09315 c -0.9068,-3.01212 -2.46994,3.15623 0,0 z m -138.06455,-5.6706 c -3.15297,-10.74862 -3.47912,-24.04192 -9.20015,-32.97323 -1.30603,6.54567 4.48002,14.95818 5.66116,24.95937 0.72003,3.15851 3.46788,19.58379 3.53899,8.01386 z m 76.0293,3.92695 c 10.13159,-4.89096 11.17956,-6.44035 14.39985,-10.1001 -2.51073,-3.15907 -19.6816,2.89559 -14.25,5.25785 -0.39103,3.42683 -10.99255,5.58511 -0.5497,5.49315 z m 3.39985,-6.3503 c 4.80156,-2.17796 2.68368,2.32693 0,0 z m 54.75,6.25 c -1.17964,-3.11308 -1.12185,2.97683 0,0 z m 8.0264,-2.5 c -2.00016,-2.62814 -1.61655,3.39296 0,0 z m 1.859,-1.65625 c -0.9068,-3.01212 -2.46994,3.15623 0,0 z m -70.3854,-0.0937 c -2.16087,-1.78939 -3.19077,2.38208 0,0 z m 78.08955,-6.6998 c 12.41561,-9.54962 6.27045,-13.37053 -0.83955,-1.18515 -6.44399,5.05732 -8.14455,10.90015 0.83955,1.18515 z m -52.58955,2.1998 c 3.56541,-1.36154 28.0259,-3.89079 18.90775,-6 -2.87252,3.0608 -25.97425,5.82152 -15.65775,1.22055 12.89966,-4.4402 27.56491,-6.79727 39.4351,-11.3743 -3.34432,-3.01414 -13.99647,3.3687 -20.1851,3.90375 -10.62287,3.60562 -21.62906,5.00446 -31.08335,9.75 21.3712,-1.40941 -7.99308,5.33157 8.58335,2.5 z m -87.44085,-0.875 c 5.77714,-7.74922 -10.31136,-1.02469 -6.10675,-18.2797 -3.38534,-8.2737 -10.20236,-32.32749 -7.0558,-27.50292 0.45108,14.48713 4.85291,29.89565 9.1825,43.58782 0.68297,1.07398 2.75259,6.12686 3.98005,2.1948 z m -29.854,-6.08015 c 4.62263,-16.7577 -4.21498,6.5851 -0.0444,0.39254 z m 91.79485,-2.7815 c 24.92233,-8.6118 50.55692,-18.03491 77.03405,-21.41124 -16.54937,-1.74366 -35.21431,4.28535 -52.03405,9.87998 -8.49727,2.43126 -17.81828,8.46324 -25.79675,8.57645 3.65078,-14.85179 17.34651,-25.25058 22.0117,-40.0585 1.56368,-7.97125 10.51924,-15.92518 10.74075,-24.44385 -10.02753,14.74801 -16.82347,31.38461 -26.9568,46.81664 -2.01981,6.81914 -10.27845,14.03744 -9.26595,21.94461 1.32323,-0.64011 3.31689,0.1091 4.26705,-1.30409 z m -59.5,-12.05535 c -0.70393,-8.26376 -1.82054,-20.94849 -5.50385,-26.14903 0.65136,10.90978 3.11285,23.62515 5.0185,33.18193 1.38034,-1.44474 0.006,-5.00673 0.48535,-7.0329 z m 150,6.0125 c -1.80534,-3.02534 -1.42311,3.814 0,0 z m -175.5964,-2.2062 c -0.8324,-12.74094 -3.54501,11.36298 0,0 z m 177.5964,0.2357 c 12.45295,-13.95917 -6.78075,5.22809 0,0 z m -142.22455,-0.875 c 7.25864,-18.37208 19.66709,-36.59817 28.22455,-53.375 -6.45227,1.79871 -7.30814,15.76453 -14,17.44098 1.20706,-19.65064 -3.02981,-25.52636 -1.83495,-2.02823 2.45452,11.79745 -10.24459,22.10646 -7.91998,3.83566 -1.25444,-16.68993 -1.14388,-34.32375 -3.18962,-50.39306 -2.86968,24.92019 1.73494,50.95634 -0.66465,75.39465 -1.58599,1.89891 -6.96521,14.10829 -0.61535,9.125 z m 62.86655,-6.87939 c 23.46681,-8.09582 48.80523,-13.42995 72.56335,-21.21855 10.69685,-4.45414 18.33352,-1.73197 27.01202,-12.02147 5.15257,-8.95071 -16.07371,4.93796 -12.87237,4.24426 -29.10717,10.51883 -62.69268,16.11536 -90.845,28.9565 0.0834,1.8166 3.56999,1.26637 4.142,0.0393 z m 89.5248,-2.78217 c -2.53881,-3.09876 -1.08674,5.52236 0,0 z m -17.7816,-4.93199 c -10.21507,-1.18462 -1.28633,-0.20257 0,0 z m 9.1148,-2.06096 c -1.02558,-2.7818 -0.6329,2.74381 0,0 z m -0.32735,-6.06613 c 3.56406,-11.12737 -12.18364,15.11541 0,0 z m 2.7501,-4.37838 c -0.53337,-3.43624 -2.65997,4.44315 0,0 z m -63.96785,0.0283 c 19.13907,-6.46871 40.18105,-13.62735 59.0729,-20.25387 -19.45018,-0.2779 -38.38436,8.35883 -55.2778,16.34798 -3.51939,2.15027 -13.20534,5.9862 -3.7951,3.90589 z m 65.96785,-2.02837 c -0.53337,-3.43624 -2.65997,4.44315 0,0 z m 15.0007,-4.02598 c 6.5912,-7.85399 18.48259,-11.21094 23.71735,-19 -11.86639,5.11314 -22.796,14.70362 -31.6408,23.75005 3.80186,1.09407 5.34196,-2.81891 7.92345,-4.75005 z m -80.17555,-5.43664 c 1.43593,-3.95359 -7.34749,1.75295 0,0 z m 9.0506,0.19214 c 6.45654,-3.4518 18.56954,-4.56506 22.1377,-9.0626 -9.21221,2.28569 -19.21317,6.122 -27.4362,8.89093 1.1056,1.87204 3.58968,-0.39687 5.2985,0.17167 z m -5.2985,-6.75543 c 14.33763,-7.45844 30.89164,-10.07073 44.179,-16.50078 -13.337,3.3704 -30.28342,6.93029 -44.4289,14.45248 -1.88857,0.99296 -2.06407,4.4163 0.2499,2.0483 z m 33.125,-6.08114 c -4.35207,-0.23499 1.06834,0.85014 0,0 z m -95.7476,-7.29386 c -3.50162,-21.90698 -0.63263,-45.02835 -4.52175,-66.93064 -2.51631,23.48503 -2.2572,49.63142 3.29605,73.05564 3.42444,1.01561 0.46991,-4.51984 1.2257,-6.125 z m 101.3492,5.66284 c -1.63378,-2.47341 -7.95261,1.68689 -0.2856,0.46216 z m 6.6947,-3.03784 c 3.79809,-5.14033 -13.03223,5.21333 0,0 z m -39.90475,-3.26497 c 29.19155,-8.62905 58.45363,-19.42468 86.0668,-29.23497 -8.3173,-2.20048 -20.18486,4.91028 -29.83335,7.22604 -20.46088,7.18587 -42.85726,12.60835 -61.25,22.77424 1.53794,-0.60326 3.96447,1.09803 5.01655,-0.76531 z m -8.3718,-0.73453 c -0.31805,-4.63645 -2.06159,3.89209 0,0 z m 1.6968,-3.59425 c -0.84309,-2.81664 -0.0289,4.41573 0,0 z m 51.07535,0.65567 c -0.42955,-3.55494 -8.74674,2.38597 0,0 z m -102.5317,-10.74173 c -2.80407,-20.0158 -0.56577,-44.53566 -5.42505,-61.98034 -0.26815,23.82529 1.13135,48.7461 4.68885,72.26961 2.12817,-2.87571 0.26172,-6.97098 0.7362,-10.28927 z m 108.8239,8.87631 c 3.1412,-2.74705 -6.81511,1.23079 0,0 z m 21.5409,-0.1965 c -0.0571,-2.43739 -2.67248,1.92285 0,0 z m -76.49775,-1.50703 c 9.47285,-10.61413 4.05111,-6.92773 -4.7209,-1.24297 -1.16636,1.45288 5.11492,3.44413 4.7209,1.24297 z m 84.35505,-1.27877 c -0.35077,-7.07289 -6.71522,5.55076 0,0 z m -24.7427,0.48372 c -2.82306,-0.52738 -0.49313,1.04794 0,0 z m -105.3646,-2.35716 c 7.84511,-11.11812 -5.39187,3.35921 0,0 z m 3.6965,-5.13166 c -0.19188,2.19944 -0.1018,1.38434 0,0 z m 70.53215,-0.17455 c -6.24959,-6.26132 -4.03415,4.55632 0,0 z m 52.0707,-2.33705 c 14.28281,-6.1912 -15.95269,2.21616 -0.54935,0.6817 z m -46.1346,0.0663 c 4.11677,-1.90854 26.41444,-7.52944 11.361,-6.36099 -1.81401,1.84741 -26.51062,8.42358 -11.361,6.36099 z m -24.6325,-3.14659 c 3.07804,-3.54889 15.64059,-27.93542 6.96775,-17.6207 -1.81981,6.3169 -13.97066,13.98765 -9.75,19.98808 1.37648,0.26729 1.82857,-1.64004 2.78225,-2.36738 z m 85.65905,-0.59493 c 12.16225,-9.55169 -3.5233,-1.08762 -9.1913,-0.40531 -0.0924,1.85076 7.58164,0.83842 9.1913,0.40531 z m -140.85815,-3.89731 c -1.49128,-21.17648 -2.23324,-43.92643 -7.1995,-64.10142 -2.8547,10.50173 2.09297,24.75235 2.4358,36.31013 3.20368,11.43516 1.09431,18.99952 2.96575,30.16629 1.17343,-0.0941 3.00096,0.60667 1.79795,-2.375 z m 72.1656,1.62613 c 19.30929,-7.07092 39.72783,-13.23621 59.87755,-18.12613 -15.65128,-0.62715 -34.41615,7.84952 -50.6263,12.37544 -2.72783,0.81328 -24.21787,8.52974 -9.25125,5.75069 z m 31.2299,-1.71658 c -2.88167,-4.24295 -8.74359,3.42307 0,0 z m -137.794,-15.70122 c -1.09358,-24.26244 -2.37424,30.57405 -0.0654,7.41667 0.0218,-2.47222 0.0436,-4.94445 0.0654,-7.41667 z m 150.94035,11.322 c -6.31742,-0.17106 1.68964,0.75247 0,0 z m -106.88265,-4.70284 c 10.90777,-23.09343 29.24905,-43.21801 44.008,-64.9435 -7.75296,2.06564 -1.13999,-15.84003 -2.0433,-23.62655 0.97898,-16.80521 6.55204,-35.33874 4.3985,-51.42788 -4.88983,14.68095 -4.69914,34.63641 -7.83744,51.37417 -0.003,15.07013 2.2413,31.18261 -10.27226,41.62847 -11.38813,13.19537 -1.48008,-16.45298 -2.15336,-22.86023 0.80506,-9.0901 1.62423,-34.51004 2.53756,-30.52441 -5.11323,15.6631 -4.50597,35.06275 -8.1342,52.13666 2.39343,15.00295 -11.68562,23.42835 -17.4291,35.54078 -3.99649,-19.93816 -1.00616,-45.27427 -6.13325,-62.66693 -2.05842,25.86474 1.81167,52.22348 2.18645,78.02369 0.41147,-0.84981 1.40634,-1.53168 0.8724,-2.65427 z m 153.25765,-3.45246 c 6.77713,-10.14997 -1.47555,-3.59072 -3.875,2.70833 2.11196,1.47634 2.92595,-1.152 3.875,-2.70833 z m -6.98905,-0.54994 c 9.30639,-10.41407 3.6756,-12.81467 -1.8922,-0.21435 -4.52055,1.96004 2.59096,3.37406 1.8922,0.21435 z m -81.1956,-1.25919 c 7.13139,-3.01235 17.20177,-5.44195 21.37565,-8.69087 -8.2157,2.24271 -20.34409,5.1282 -24.882,9.50035 1.15567,-0.30385 2.82489,0.7247 3.50635,-0.80948 z m -6.86585,-4.62994 c 1.203,-3.9868 15.85411,-18.25009 6.36745,-14.06093 -2.96477,2.33956 -9.5222,17.22271 -6.36745,14.06093 z m 34.6699,1.1254 c 3.17636,-2.96101 -5.92276,0.71154 0,0 z m 7.5712,-2.59021 c 8.49739,-2.56644 21.33831,-9.80168 4.5594,-3.9774 -2.25313,1.90016 -18.14483,6.33806 -4.5594,3.9774 z m -6.0712,-4.09612 c 8.50366,-3.3411 17.01924,-4.93347 24.11435,-8.25 -8.76938,-0.40905 -21.29111,5.82462 -30.48375,8.80331 0.69067,0.90275 5.23194,0.81758 6.3694,-0.55331 z m 60.6057,0.28001 c 7.88569,-8.54656 14.19807,-20.97315 21.704,-31.07172 10.35467,-11.91939 -13.52632,0.3348 -19.35685,-1.23735 -3.65728,0.57967 -22.62986,7.03552 -9.7695,5.03232 8.36276,-2.48378 17.72134,-5.47988 24.88895,-5.31746 -3.92726,10.9789 -14.4553,21.62261 -19.9463,33.31446 0.82697,-0.23951 2.15977,0.59936 2.4797,-0.72025 z m -35.26885,-3.5824 c 1.19309,-4.44156 -10.4181,2.19736 0,0 z m 6.2328,-2.14937 c 0.0928,-4.12486 -11.08086,2.7493 0,0 z m 6,-2 c 0.49276,-4.1589 -11.84495,3.03665 0,0 z m -51.72995,-1.85174 c 15.0877,-3.64916 -3.97013,-3.69654 -0.7909,0.3035 z m 57.02265,-0.15064 c -6.80669,-1.38282 -1.47787,0.0195 0,0 z m -67.23175,-2.89775 c 5.62966,-9.28592 13.54587,-17.81785 15.964,-28.89811 -6.5878,10.00621 -14.42969,21.33143 -16.46405,30 l 0.5,-0.30902 v -0.79287 z m 26.191,-1.59525 c 17.94197,-6.22028 -20.73335,1.43669 -1.55905,0.94714 z m 12.01525,-3.35525 c -0.68112,-4.61842 -11.36531,2.70586 0,0 z m 9.63485,-2.37203 c -0.59503,-3.76349 -17.27239,2.6736 0,0 z m 10.8561,-2.45058 c 11.67747,-5.39546 -24.94424,3.42089 -0.87425,0.87432 l 0.87425,-0.875 z m -38.5632,-1.875 c 11.65945,-3.46355 11.3688,-5.81922 -0.5161,-2.03584 -5.99669,1.62831 -3.15038,4.88186 0.5161,2.03584 z m 16.07225,-5.30239 c 0.97979,-4.07044 -9.66704,1.96866 0,0 z m 7.16315,-2.01128 c 2.48661,-4.12007 -12.00992,1.72972 0,0 z m -20.18865,-3.89419 c 13.73687,-6.16677 4.36542,-6.8388 -4.18075,1.53644 -0.69976,2.12585 4.60421,-0.68712 4.18075,-1.53644 z m 28.9557,1.20786 c 10.89856,-2.45015 21.81395,-5.90931 33.11355,-7.56994 -13.48042,-2.02366 -28.68887,5.13361 -40.46485,8.12718 1.68913,0.30874 5.8034,1.45961 7.3513,-0.55724 z m -33.8185,-8.61615 c 1.75325,-3.25934 12.10955,-19.44198 4.75805,-11.88385 -0.44106,1.91859 -10.41177,16.53977 -4.75805,11.88385 z m 18.66805,1.13539 c -0.36771,-4.02238 -7.87987,2.59741 0,0 z m 5.2662,-2.02277 c -1.17932,-3.71979 -7.62783,2.45917 0,0 z m 5.1637,-2.04631 c 0.93517,-2.23864 -6.48151,1.21295 0,0 z m 6.69005,-2.54423 c -8.01351,-1.58699 -0.36787,2.77017 0,0 z m -136.48975,-6.68826 c -1.33306,-4.24277 -0.0635,6.54034 0,0 z m 119.5929,-0.52117 c 14.33625,-5.17569 32.44291,-12.43696 48.0409,-16.69691 17.68927,-6.9989 38.75824,-10.15459 55.608,-18.14549 -17.11408,1.93538 -35.27007,9.99687 -52.3802,14.41355 -18.22772,5.77484 -37.22809,12.03826 -53.9506,20.09041 0.55677,0.97725 1.83376,0.74332 2.6819,0.33844 z m -9.1477,-3.81118 c 6.05861,-8.64361 3.51066,-8.75476 -1.5614,-0.80859 -0.55642,1.64389 0.78446,3.1891 1.5614,0.80859 z m 7.4318,-10.8028 c 3.03392,-9.75905 -7.61947,9.52485 0,0 z m 12.2568,1.91748 c -4.39336,-1.87507 -3.99967,2.18756 0,0 z m 4.4591,-1.3035 c 3.95108,-3.25263 -9.71199,0.66084 0,0 z m 6.2909,-2.6965 c 15.98668,-7.53901 36.51494,-11.57094 51.5,-18.5 -19.54528,3.75743 -39.38107,10.62625 -56.00625,18.91464 1.32207,0.58966 3.63392,1.25247 4.50625,-0.41464 z m -70.42225,-42 c -1.11517,-11.78045 2.31047,-31.40091 -1.263,-39.18921 -0.29616,25.64625 -2.1518,52.6423 -0.1708,78.0854 2.95885,-8.81026 0.57618,-27.02966 1.4338,-38.89619 z m 56.54725,35.37909 c 7.08483,-10.74187 14.31371,-21.65273 19.625,-33.53614 -7.10349,7.23939 -18.97464,19.82131 -23.4277,31.21744 -1.10548,2.20836 2.47636,5.23629 3.8027,2.3187 z m -47.56355,-4.90999 c 5.96513,-4.97162 -5.48026,-10.45343 -0.23535,-23.28512 1.04938,-17.16645 1.83519,-35.43937 2.2043,-51.93398 -7.52629,25.40533 -3.11901,53.95943 -5.85235,79.94193 0.76367,-1.99543 2.41374,-3.26371 3.8834,-4.72283 z m 65.38475,-4.65426 c 25.64691,-9.80076 55.79066,-12.7611 81.4288,-21.13044 -2.09442,-3.22603 -17.86585,2.54457 -24.51585,4.32341 -20.46784,4.46966 -41.73752,7.94106 -59.85915,16.18358 -0.91689,2.03516 2.48202,1.68868 2.9462,0.62345 z m -59.33395,-3.70196 c 9.77649,-12.18409 -1.16597,-2.31315 0.92993,-15.8863 -0.2551,-21.70526 4.60843,-45.03224 2.49127,-65.70868 -3.68389,8.64003 -2.86077,25.56044 -4.02248,37.38998 -0.49704,15.30173 1.01358,33.52838 -1.38597,47.08002 1.5245,0.37775 1.33244,-1.90496 1.98725,-2.87502 z m 141.00495,-0.19567 c -4.34486,-1.1936 -0.0447,2.44933 0,0 z m -30.4827,0.25482 c -5.21629,-0.2877 0.56161,0.83699 0,0 z m 44.6857,-11.01849 c -2.05268,3.36533 -0.69449,0.82495 0,0 z m -146.58515,-0.63835 c 2.11701,-8.75909 0.54008,-24.0052 2.06303,-35.4972 -1.24471,-12.98692 4.39569,-27.57008 0.98357,-39.26799 -4.51782,25.22142 -2.49566,53.08798 -5.8917,77.25 1.38562,0.21612 1.82724,-1.82254 2.8451,-2.48481 z m 148.51495,-1.68185 c -1.12884,-6.03496 -1.38227,5.79853 0,0 z m -79.4375,-0.33334 c 1.53647,-6.3545 -9.58587,3.85827 0,0 z m 7.9125,-2.56212 c -12.17249,-0.1106 -1.86058,-0.0911 0,0 z m -72.725,0.34163 c -0.95969,-2.17636 -2.83297,1.55458 0,0 z m 148.5,-6.1843 c 3.28113,-3.35632 5.46863,-9.62733 6.2502,-14.29644 -3.88605,3.60088 -12.80022,20.20182 -7.84086,17.52211 0.52897,-1.06504 1.58973,-2.01986 1.59066,-3.22567 z m -141.56155,-0.67015 c 16.56636,-22.27696 36.91934,-42.23287 52.0368,-65.42506 -7.38367,-5.71496 1.42012,-20.51298 1.20555,-29.81607 0.46205,-5.45841 7.21568,-31.70172 0.9087,-16.93393 -7.17777,16.25919 -3.56083,35.91726 -8.77595,52.5 -8.15035,7.81865 -8.83208,5.50094 -13.4353,17.25 -7.40821,1.48045 -7.22375,11.79145 -15.46855,18.72427 -7.13168,12.18687 -0.79746,-27.9149 -4.82142,-5.53846 1.06837,8.09892 -9.8313,30.16034 -6.80966,10.41539 2.42496,-23.73556 -8.13221,29.06031 -4.95632,12.97243 -5.84889,3.60947 -8.89203,17.83843 0.11615,5.85143 z m 70.74175,5.25698 c 8.22257,-3.41299 -13.98867,0.83891 0,0 z m 10.6066,-2.19603 c 1.21477,-4.47242 -15.44653,2.54671 0,0 z m -37.93165,-2.48601 c 7.94729,-6.22071 9.89778,-16.24808 0.14485,-2.19625 -1.18915,1.21872 -2.50479,4.72836 -0.14485,2.19625 z m 45.64485,0.44585 c 8.59059,-1.35926 -14.00911,0.20132 0,0 z m 17.8565,-2.37842 c 5.64777,-1.91162 29.91212,-4.37711 22.70455,-6.56743 -9.46763,1.79769 -24.40918,3.73753 -30.43605,7.16886 2.41949,0.44057 5.50029,0.83753 7.7315,-0.60143 z m -50.8292,-3.83429 c -5.16409,-5.20398 -3.70718,5.3553 0,0 z m 4.9727,-2.23314 c -3.94439,-2.73272 -5.50361,3.19105 0,0 z m 10.25,-2 c -7.69357,-0.23978 -1.48114,-0.22975 0,0 z m 11.25,-2.40564 c 21.47353,-2.87603 -0.53432,-2.14827 -9.2165,-0.0196 -2.55441,2.47473 8.07483,1.17087 9.2165,0.0196 z m -25.1808,-3.84436 c 15.36912,-11.76133 24.76291,-32.15072 39.403,-43.98109 17.17605,-2.01578 -6.04758,-7.75428 -7.2222,4.45961 -10.96888,13.05525 -23.39836,27.77584 -33.5,40.27135 0.52536,-0.12544 1.51108,0.41859 1.3192,-0.74987 z m 26.9308,-4.01918 c 24.0971,-8.0507 49.77405,-12.00271 72.75,-23.1594 -11.63711,1.43933 -27.64567,8.28626 -41.25,11.36442 -12.26858,4.32136 -28.04586,7.29775 -37.4009,12.7466 1.35133,0.5979 4.53543,-0.0162 5.9009,-0.95162 z m 37.5,0.26918 c -12.79717,0.0436 -3.78813,-0.12821 0,0 z m 35.5,0 c 0.24537,-2.37222 -1.73508,1.83648 0,0 z m 3.72545,-4.91461 c 0.98719,-9.55751 -7.54325,13.65002 0,0 z m -28.0974,2.66461 c -7.23735,-1.89395 -15.30111,2.79187 0,0 z m 9.9014,-1.9841 c 8.18563,0.82354 15.20899,-11.3881 4.0907,-2.75695 -2.7703,-0.84461 -10.61338,5.47535 -4.0907,2.75695 z m -135.7871,-8.36139 c -0.98499,-12.25038 -2.06685,12.98044 -0.002,0.76654 l 0.002,-0.76654 z m 158.50765,-3.85109 c 7.25317,-16.33878 -8.72851,9.514 -1.4173,2.96362 -1.04914,-1.39163 1.84674,-1.73643 1.4173,-2.96362 z m -64.25,-1.55342 c -6.00697,-0.1129 -1.07328,-0.27353 0,0 z m 6,-2 c -10.55772,-0.15789 -1.71761,-0.22489 0,0 z m -92.25,-4.51192 c 0.77063,-2.86883 7.5073,-27.1219 1.1409,-15.73808 -1.27564,1.91478 -3.20982,29.7747 -1.1409,15.73808 z m 97.875,2.73499 c 1.80837,-4.08485 -10.6417,2.59701 0,0 z m 6.35,-2.28149 c -33.54073,8.18173 22.36091,-8.3123 0,0 z m 50.4797,-0.31658 c 9.26961,-11.69637 -3.73669,-5.36101 -0.75925,1.375 z m -44.4797,-1.67622 c -12.22334,0.3751 -0.95903,-0.0758 0,0 z m -32.225,-0.37914 c 14.95889,-1.52649 -3.69552,-3.81674 0,0 z m 36,-1.56964 c -1.34051,-2.27446 -3.01678,2.92135 0,0 z m -24.21735,-2.05282 c -3.88701,-2.58235 -8.88403,2.5819 0,0 z m -75.54945,-6.68941 c 0.12993,-16.49208 -5.41736,19.34609 0,0 z m 83.78685,4.97983 c -6.38264,-4.74896 -8.26077,3.98577 0,0 z m 7.69755,-2.18521 c -14.05107,0.29395 0.27763,-0.55904 0,0 z m 6.7824,-2.05239 c -7.47325,-1.69422 -5.57454,2.09228 0,0 z m -88.5,-6.52951 c -0.63058,-10.03516 -1.51168,10.62114 0,0 z m -7.77275,-4.14938 c 0.84736,-25.7649 -3.58072,15.39961 0,0 z m 79.92095,2.62708 c -4.26263,-0.90882 -0.39849,2.0093 0,0 z m -12.15585,-2.57319 c -0.71022,-3.50016 -1.26113,4.14601 0,0 z m -57.69005,-5.38591 c 2.79096,-8.08678 3.65768,-20.83964 2.63635,-24.45202 -0.28465,8.40652 -6.95138,23.00516 -2.9669,28.19112 l 0.2271,-2.56894 z m 94.6977,4.01091 c -11.57417,-0.46787 -3.42333,-0.28174 0,0 z m 14,-4.3035 c -3.47559,-1.48912 -2.28909,1.74852 0,0 z m -133,-2.03864 c 2.76753,-12.16282 9.61701,-22.12483 13.75,-32.25266 -7.18232,8.77436 -16.95744,22.69904 -13.75,33.0948 z m 88.81735,-0.0328 c 7.13224,-12.10508 -10.06931,5.46029 0,0 z m 50.93265,0.37494 c 1.66148,-1.73594 -10.34576,0.79543 0,0 z m -123.75,-5.80902 c -0.68336,-9.66975 -1.94274,10.61783 0,0 z m 144.22865,1.84357 c -18.32642,-1.38024 4.40796,0.77622 0,0 z m -68.22865,-2.31406 c -0.91159,-2.53912 -1.24777,2.97528 0,0 z m -49.85835,-4.00161 c 2.01261,-16.74966 9.33054,-34.60811 11.3983,-50.21888 -6.75683,15.98942 -12.19263,37.3318 -12.1131,54.29535 1.53796,-0.56858 0.20713,-2.88195 0.7148,-4.07647 z m 121.49285,3.95315 c -5.21628,-0.28772 0.56159,0.837 0,0 z m -10.3845,-3.67203 c -7.15676,-16.73393 -7.42551,3.66275 0,0 z m 9.75,-1.97448 c 4.46698,-1.88746 -16.42428,1.22755 0,0 z m -57.24895,-1.8451 c -6.93545,1.83698 2.74747,-11.96244 -0.8677,-6.68042 -5.0203,1.12005 -5.8161,8.0177 0.8677,6.68042 z m 69.88345,-0.50839 c -5.21628,-0.28772 0.56159,0.837 0,0 z m -125.44035,-4.22376 c 1.54118,-11.31643 8.09137,-25.91874 4.80585,-36.44827 -1.35264,12.71071 -6.66194,27.88974 -5.5184,40.5 1.76674,0.31151 -0.036,-3.25661 0.71255,-4.05173 z m 62.94035,2.22376 c -5.21628,-0.28772 0.56159,0.837 0,0 z m 7.7301,-1.97412 c -2.82293,-0.52749 -0.49335,1.04809 0,0 z m 19.5,-4 c -2.82293,-0.52749 -0.49335,1.04809 0,0 z m -31.8646,-1.72742 c -2.48034,-2.4233 -1.27129,2.86955 0,0 z m 40,0.0295 c -0.65684,-1.79976 -9.06745,1.0058 0,0 z m -118.5,-2.52951 c -2.08688,-6.10085 -0.76933,6.54441 0,0 z m 79.95275,0.10243 c -2.74999,-0.11589 1.32069,2.92966 0,0 z m 49.6314,0.22486 c 17.99651,-4.86456 -1.74581,-4.64403 -1.33415,0.69622 l 1.33415,-0.69606 z m -47.54665,-1.93527 c -2.11461,-0.0357 0.003,-0.08 0,0 z m 2.4625,-1.89201 c -2.48034,-2.4233 -1.27129,2.86955 0,0 z m 1.92275,-2.1945 c -0.53335,-3.43625 -2.65998,4.44314 0,0 z m 66.56275,0.24354 c -14.98391,-0.58965 -5.53657,-0.31159 0,0 z m -64.948,-2.15703 c -2.11461,-0.0357 0.003,-0.08 0,0 z m 70.6801,0.18989 c -2.88465,-3.63641 -7.3996,3.16949 0,0 z m -67.2693,-3.30246 c 14.7116,-14.56722 35.91598,-11.82581 55.0196,-18.25279 21.3629,-2.27014 12.60456,-4.59682 -4.04039,-1.15465 -13.30738,2.27002 -28.36474,7.32191 -40.23171,8.94366 6.99016,-11.33326 1.82991,-5.03579 -4.02822,0.45935 -1.02283,0.29996 -14.56676,16.38116 -6.71928,10.00443 z m 89.4198,-1.12493 c 4.31886,-14.26929 -2.39501,-6.39044 -1.53475,2.54166 1.49147,1.41058 1.31438,-1.31449 1.53475,-2.54166 z m -124.8306,-1.7625 c -2.11461,-0.0357 0.003,-0.08 0,0 z m 4.77375,-3.24321 c 6.5278,-7.01067 16.99129,-12.80559 21.18875,-20.15447 -10.13963,8.13938 0.97232,-19.87426 -0.44065,-15.56388 1.97724,-8.8254 10.10733,-17.47491 8.01195,-26.41546 -7.34944,15.60829 -14.20327,32.99965 -17.58429,49.26275 -4.51901,5.76269 -14.47454,11.3204 -14.11906,15.25177 l 2.00389,-1.6234 0.93481,-0.75731 z m 53.06375,-0.96396 c -6.31743,-0.17105 1.68965,0.75247 0,0 z m -101.875,-2.65533 c -1.20677,-5.9782 -0.98746,5.77938 0,0 z m 137.25,-3 c 2.18813,-2.12051 -8.43721,1.18951 0,0 z m 35.25,-1.52951 c -1.24543,-5.95224 -0.95418,6.29099 0,0 z m 13.99235,-0.5779 c 9.40016,-17.06094 -6.12374,7.29231 0,0 z m -39.74235,0.10741 c -3.34381,-2.46179 -7.58607,1.77842 0,0 z m 8.25,-2 c -0.65683,-1.79976 -9.06746,1.0058 0,0 z m -56.18965,-4.125 c 7.9796,-9.51145 15.58955,-18.47292 28.94705,-17.37184 15.45068,-3.49171 30.65276,-7.99539 45.46455,-12.94989 -17.75883,1.13048 -34.38024,9.51317 -52.02055,12.67351 -13.31968,6.6015 3.16003,-12.24085 -6.8264,-2.29386 -5.77673,7.12982 -16.12714,15.71794 -19.14825,22.56681 1.68842,0.39239 2.31905,-1.93103 3.5836,-2.62473 z m 63.90725,2.17739 c -8.9352,-1.10969 -0.8844,-0.17737 0,0 z m 11.7824,-2.30239 c -1.24851,-4.19916 -1.2634,4.09094 0,0 z m 16.05385,-0.90519 c -1.11081,-6.62787 -2.57417,5.96434 0,0 z m -32.05385,-0.91555 c 4.14316,-1.45312 -13.18819,0.39761 -1.75,0.0818 z m -104.96715,-1.44685 c 3.81704,-9.00363 7.68181,-21.22547 8.4138,-29.3813 -3.80812,9.15489 -7.42974,20.70493 -10.4743,29.89889 0.71694,-0.0571 1.52683,0.22922 2.0605,-0.51759 z m 113.93035,-0.92284 c 16.03518,-2.34001 4.86061,-4.73735 -3.7132,-0.54557 -6.56755,1.28379 3.0367,2.45141 3.7132,0.54557 z m 24.9435,-0.97308 c -0.84343,-6.04015 -2.03616,6.89543 0,0 z m -67.6567,-2.56186 c 1.35062,-3.3081 -8.56927,1.62545 0,0 z m 69.66455,-0.97516 c -0.11335,-7.92524 -2.78112,5.58783 0,0 z m -63.03955,-0.86462 c 3.85823,-3.82605 -11.69497,1.34548 0,0 z m 6.83125,-1.98724 c 1.49505,-3.51162 -11.12348,1.17398 -0.78805,0.30239 z m 58.2861,-3.07261 c -2.0417,-5.95731 -1.02536,8.37923 0,0 z m -52.00635,0.89424 c -6.02472,-1.81295 -1.53454,-0.0987 0,0 z m 6.1726,-2.54717 c -7.34905,-1.34661 -1.10691,2.40222 0,0 z m 47.74975,-2.68849 c -0.91019,-6.87889 -1.87301,7.42677 0,0 z m -34.77385,-1.11155 c -5.21618,-0.28752 0.56136,0.8366 0,0 z m 36.99175,-4.29091 c -0.92145,-9.77448 -2.51287,7.28606 0,0 z m -80.58875,0.48138 c -2.11461,-0.0357 0.003,-0.08 0,0 z m 82.0462,-6.47881 c -2.3793,-0.52427 1.33439,5.17047 0,0 z m -69.3823,0.34348 c 7.11686,-0.0696 21.58104,-7.90759 6.3347,-3.1347 -2.55246,-1.79807 -14.20818,5.00662 -6.3347,3.1347 z m -28.32645,-2.51891 c -3.0277,-0.75596 -0.0436,3.25188 0,0 z m -40.34195,-1.54512 c 1.35941,-13.97505 -3.17971,6.05546 0,0 z m 45.17765,-1.16314 c 4.84106,-6.16569 18.58148,-18.62145 17.78935,-15.55901 2.76817,-12.1968 14.90285,-23.52575 19.5,-34.52432 -15.04714,12.8024 -21.07007,37.96114 -39.7439,47.74996 6.70825,-12.85117 17.79992,-26.71379 21.2376,-39.16666 -8.09104,11.4094 -17.40231,26.97663 -23.06565,39.21083 2.6783,2.13895 -2.31551,7.11912 4.2826,2.2892 z m 44.49845,-0.30349 c 2.89947,-5.06268 -13.57497,2.38369 0,0 z m 6.81645,-2.44651 c -5.64967,-2.72293 -6.90462,2.94086 0,0 z m -22.02555,-0.25 c -2.50206,-1.6355 -3.83791,2.26689 0,0 z m 42.375,0.14188 c -10.36033,-0.12298 3.31725,0.63349 0,0 z m -34.625,-2.33979 c 9.13754,-1.95488 16.17347,-6.15211 2.5408,-2.30239 -5.56013,0.2353 -17.39434,6.02413 -2.5408,2.30239 z m -80.1551,-0.2221 c -0.46997,-10.07448 -2.36005,7.28058 0,0 z m 141.35555,-0.27724 c 2.12609,-6.08117 -5.6277,3.69081 0,0 z m -41.17845,-5.50334 c 13.92451,-5.2392 29.77295,-9.41135 41.728,-16.29941 -16.26995,4.1629 -32.13921,11.01809 -46.9728,16.86616 0.74703,1.43366 4.53332,0.5382 5.2448,-0.56675 z m -86.02135,-3.53863 c 3.9851,-7.27762 5.8382,-16.72181 -0.75125,-4.26078 -1.30738,8.10815 -0.0891,5.84019 0.75125,4.26078 z m 104.4383,-14.02114 c 3.94617,-2.85478 25.84445,-7.73082 18.68605,-9.02113 -7.97152,2.22393 -18.41869,6.06212 -23.316,9.78165 1.40546,-0.58624 3.74211,1.07503 4.62995,-0.76052 z m -39.32435,-6.04172 c -2.82296,-0.52749 -0.49331,1.04808 0,0 z m 21.3854,-2.19792 c 13.89668,-6.24563 28.06407,-12.58361 42.4357,-17.92448 -13.00227,-0.74652 -25.92138,8.91694 -39.1857,13.98958 -3.55737,0.96233 -12.0338,7.07856 -3.25,3.9349 z m -16.25,-1.51752 c 10.76617,-9.20877 18.57385,-22.85457 2.5,-6.13481 0.44292,1.55394 -8.1292,7.58748 -2.5,6.13481 z m 58.875,-0.32714 c -6.31742,-0.17106 1.68964,0.75245 0,0 z m 9.375,-3.15534 c -2.1769,-5.9497 -1.12405,5.55765 0,0 z m -88.25,-1.75 c -1.68433,-5.43637 -1.46044,5.59105 0,0 z m -10.19135,-3.5274 c -4.86497,4.84983 -1.84982,1.64049 0,0 z m 11.8992,-0.29077 c -1.82015,2.64891 -0.86153,1.13078 0,0 z m 42.4082,-1.43183 c 14.00728,-6.29035 29.62898,-14.0245 43.88395,-20.17093 -6.84755,-4.463337 -17.12969,4.89169 -24.5036,5.67032 -7.91609,3.55122 -14.08001,5.13195 -20.2464,9.25 11.42675,-0.57383 -9.5495,8.57312 0.86605,5.25 z m 3.38395,-6 c 6.00773,-1.71699 0.33786,2.28275 0,0 z m -27.97185,2.56681 c 8.38477,-11.4626 -9.94806,7.51626 0,0 z m 14.47185,-6.8083 c 18.98676,-6.51179 -10.17504,-0.75717 -0.75,0.62322 z M 487.13373,673.79422 c -3.26855,-13.49563 -7.36873,-30.00347 -2.49776,-43.08055 4.09049,5.63792 2.5887,23.20219 4.44707,33.12795 -0.30375,1.35682 1.82013,13.15238 -1.94931,9.9526 z m 124.41414,-2.8012 c 1.85358,-1.14204 0.70785,-0.52688 0,0 z M 354.34582,658.18767 c -1.71147,-10.522 0.29979,-24.97515 9.05443,-33.1603 10.43607,-6.62401 13.98611,-8.94576 7.38977,6.4907 -4.71456,9.81872 -10.25266,19.39966 -15.42962,27.95945 z m 32.4442,-2.05445 c -15.43477,-2.62496 -7.47624,-11.31679 2.61548,-4.72995 7.14778,-1.6889 2.28724,7.35741 -2.61548,4.72995 z m 10.11457,-2.73835 c -3.60594,-7.94281 22.39067,-14.82949 15.90298,-4.02915 -5.43851,0.65149 -10.94105,4.61985 -15.90298,4.02915 z m -29.89895,-2.07385 c 6.08775,-12.06583 9.82399,-4.72802 0,0 z m 21.76083,-5.36585 c -14.31259,1.61818 -9.01977,-13.59928 1.21468,-8.47435 13.06522,-7.03393 13.29827,6.04352 1.03532,8.64085 l -1.52354,0.29355 -0.72646,-0.45955 z m 31.85688,-4.8082 c -1.36206,-5.96916 12.69969,-17.24926 15.16667,-12.01105 -4.115,4.092 -10.62983,10.50152 -15.16667,12.01105 z m -15.67145,-3.25345 c -3.1798,-9.63407 12.30895,-15.69718 18.82063,-12.7696 2.9757,4.87873 -12.01134,1.63834 -11.71741,11.05629 -1.60558,0.96428 -5.52894,3.47064 -7.10322,1.71331 z m -65.16188,-1.27155 c -16.99592,-10.81142 2.69981,-32.84408 -7.50004,-47.8531 -6.47942,-15.46624 -12.36133,-38.16721 4.61231,-50.68123 3.41547,0.095 -8.35206,25.58782 -2.6055,15.42424 4.7937,-5.32178 4.33171,-20.74834 15.57365,-17.72905 4.46117,-7.70384 18.64493,-10.25635 24.86502,-2.39262 12.0347,15.39147 -6.22149,0.16489 -2.49381,4.17854 7.61932,8.67903 6.19067,22.82245 1.86282,33.57962 -1.25261,20.6849 -1.15792,-8.18015 -0.1526,-14.63323 -5.21128,-5.14015 -0.66705,21.68831 -5.48903,28.25533 -0.66917,12.55316 -9.8126,21.53175 -17.06819,31.4193 -0.17123,-9.372 -6.4472,-17.58086 -9.10164,-26.77325 -1.71134,-3.05543 -9.40972,-19.5498 -9.43867,-12.26085 5.31915,9.54337 7.11073,19.41891 12.92649,28.74695 -1.48983,7.47666 6.65706,19.22018 -4.5655,22.1568 -16.08956,1.21943 9.64765,5.31374 7.70086,7.5593 -2.22778,2.08227 -6.61512,2.74826 -9.12617,1.00325 z m 10.57434,-41.85995 c -1.24452,-15.56728 -2.32682,17.27297 0,0 z m -6.07434,-15.7817 c -0.6698,6.9058 0.0929,2.38211 0,0 z m -2,-2.1735 c -3.24415,-4.77024 -6.77144,-11.3112 -9.5,-14.2675 0.14804,5.38404 7.37845,13.46813 9.5,14.2675 z m 17.5,-19.51533 c -5.70133,-16.53497 -6.46216,3.04613 0,0 z m 4.67753,-12.6026 c -1.87947,-9.56686 -9.39831,-8.79633 -0.7593,0.29131 l 0.75932,-0.29138 z m 6.02592,-10.33362 c -5.18745,-6.8835 -3.71259,2.0359 0,0 z m 2.49333,100.4166 c 1.459,-16.77894 11.87307,-31.97887 11.8218,-49.59045 2.3882,1.74046 6.04592,15.96432 14.29125,18.42385 8.92737,6.99155 23.9659,6.50739 31.52675,14.68415 2.68401,12.47927 -20.71124,-9.917 -24.54749,2.66895 -6.70268,2.30014 -13.62071,9.33529 -25.32715,9.38174 -2.62741,0.0997 -5.84217,6.01099 -7.76516,4.43176 z m 13.47853,-18.908 c -0.61449,-6.2707 -3.75313,5.05244 0,0 z m -36.92531,13.78895 c -10.20611,-4.87761 7.63179,-7.8788 10.32392,-14.42095 8.12896,-5.2579 7.28712,-19.69481 16.17608,-22.0016 1.50228,-16.40313 4.79495,-32.38807 7.67968,-48.5 2.40236,18.52836 -2.82188,37.65684 -5.38452,55.7665 -6.31764,10.74924 -16.17559,22.50694 -26.01355,29.4255 l -1.78161,-0.058 z m 88.757,-13.5601 c -9.52169,-5.6641 -12.98003,-12.0041 1.743,-10.5061 7.73222,-0.4665 3.68375,10.13018 12.25,-0.89715 -8.10636,-8.39887 16.8647,2.60393 -1,7.8582 -2.13186,2.89274 -9.28834,4.96566 -12.993,3.54505 z m 4.493,-6.30895 c -8.13152,-2.4152 -1.1594,0.75561 0,0 z m -20.75,0.42845 c -15.70661,-3.73129 3.01025,-6.41908 1.5,0.68715 l -1.5,-0.68685 z m 0.96455,-8.6976 c -12.4112,-3.47521 -31.35591,-2.76181 -30.21455,-20.3188 -5.44082,-16.60278 1.872,-35.38425 -7.48544,-50.46555 13.75966,-2.72491 34.24545,12.11591 34.40035,26.33188 4.0194,1.12324 0.68536,5.84485 6.91358,8.43363 4.93988,11.0054 12.89685,23.23309 20.21697,31.68124 -7.27349,2.42385 -15.41355,6.08471 -23.83091,4.3376 z m 9.24793,-3.7444 c -1.01872,-6.59176 -23.88769,-1.79139 -4.21248,0.26805 0.83045,1.44383 3.60559,1.46916 4.21248,-0.26805 z m -22.25625,-4.59235 c 2.72795,-3.09279 -7.55574,-0.0145 0,0 z m -8.95929,-3.688 c -3.97331,-19.02456 -6.15995,5.08381 0,0 z m 3.25306,1.2699 c -0.9597,-2.17632 -2.83299,1.5546 0,0 z m 31.6875,-4.38065 c -6.38993,-7.16821 -1.74284,3.55191 0,0 z m -33.6875,-4.59055 c -5.65103,-9.83871 -0.75712,6.95175 0,0 z m 30,1.0528 c -3.34242,-7.47194 -5.07472,0.76315 0,0 z m -35.85,-3.1611 c -4.07036,-5.81736 0.38745,6.84295 0,0 z m 3.85,-3.81515 c -4.7429,-8.97844 -1.12076,-24.45379 -7.25,-31.13485 3.37931,9.80227 -0.0577,26.74292 7.25011,32.691 z m 27.60833,0.5235 c -2.80952,-1.69067 1.10074,4.05369 0,0 z m -1.60833,-1.65835 c -1.17964,-3.11308 -1.12185,2.97683 0,0 z m -15.92436,-21.27728 c -7.72817,-13.70341 -0.726,6.23958 0,0 z m -4.07564,-4.8155 c -4.60857,-11.71456 -2.70346,4.32334 0,0 z m -35.18823,40.57343 c -0.87038,-13.1803 6.18325,-3.32961 0,0 z m -75.9252,-3.98065 c -3.85051,-10.3508 7.99699,-19.9881 0.99258,-4.15455 -0.47731,-0.29375 -0.21048,7.94238 -0.99258,4.15455 z m 3.61343,-15.9705 c 1.45406,-8.57668 1.62317,7.42148 0,0 z m 1.55943,-4.16845 c -1.66992,-10.66981 14.53307,-20.87719 21.93944,-19.49139 -6.47374,5.92881 -17.59702,14.48925 -21.93944,19.49139 z m 111.54739,-31.64287 c -17.3493,-5.76442 21.8292,-5.77475 8.14321,0.41316 -2.7091,-0.17731 -5.50034,0.43107 -8.14321,-0.41316 z m 12.62884,-2.17454 c 4.74307,-9.88051 16.26799,2.30748 0,0 z m -98.11066,-0.17789 c -4.26405,-2.30523 5.89057,-0.63479 0,0 z m 477.125,-2.61575 c 3.25802,-2.07365 1.01623,2.27441 0,0 z m -473.01056,-1.1959 c -0.85845,-7.38339 13.86573,3.78462 0,0 z m -9.86444,-0.17669 c -2.22689,-4.88116 13.16158,-3.45772 0,0 z m 25.90335,-0.73867 c -1.52875,-5.3811 -9.66383,-13.95956 -6.74369,-18.00903 5.61626,1.73395 20.46019,21.21382 6.74369,18.00903 z m 82.47165,-1.38874 c 2.7497,-7.05182 18.63932,-1.92545 3.06547,0.49921 0.35426,-2.6235 -2.98018,1.3395 -3.06547,-0.49921 z m -61.71191,-2.04214 c 2.36626,-7.52875 20.96639,-2.59081 2.71191,0.21039 l -1.5,0.27954 z m 29.71191,0.007 c -9.22415,-1.47308 -7.7414,-6.78165 -17.75,-6.96589 11.93995,-4.93136 26.78058,-1.16581 35.5,6.89305 -5.53007,1.14575 -12.12998,0.70816 -17.75,0.0728 z m -0.75,-2.46486 c -1.18698,-4.04923 -1.063,3.89223 0,0 z m -33.7169,0.33603 c 2.98733,-7.27767 7.43021,-17.97678 9.7169,-27.26793 11.50254,-8.88793 2.82693,16.58947 -1.87655,21.06963 -2.52758,1.20356 -5.20705,7.82417 -7.84035,6.1983 z m 0.3382,-11.64348 c -1.26339,-8.56462 3.72854,-0.91131 0,0 z m 1.8787,-6.16304 c 2.07388,-6.55929 1.09194,5.50966 0,0 z m -32.48393,-2.26015 c -8.63215,-7.01626 -19.45457,-15.05147 -26.14647,-23.32471 6.89221,-0.77013 15.16583,10.51537 22.28653,14.88353 1.65278,1.71015 11.14511,11.06381 3.85994,8.44118 z m 34.98393,-1.26936 c 0.45312,-3.61459 1.06495,3.75262 0,0 z"
        />   
     
      </svg>